0
263604 73
342271 225
275043 363
265652 388
282987 791
458936 1432
267682 1546
262807 1617
291244 1723
241502 2061
280023 2081
301529 2108
279076 2187
253612 2297
289290 2385
294380 2421
358231 2693
234646 2752
340570 2979
265788 3034
254341 3449
263548 3482
371304 3646
353486 3650
310790 3855
393652 3894
367432 3985
287298 3994
206511 4249
271855 4634
448791 4657
311896 5034
263623 5072
267841 5246
413351 5795
416056 5796
334581 5902
233151 6287
260550 6369
303526 7004
279193 7018
264854 7084
396119 7091
264628 7179
313919 7296
489661 7614
378171 7739
307678 7870
273185 7876
275910 7892
248374 7897
262491 8160
288232 8298
308985 8390
391857 8891
263766 9256
267940 9598
400919 9965
287233 10095
253046 10186
244091 10199
299545 10358
388774 10863
260747 10866
312509 11074
309879 11804
312856 11835
386874 11944
297656 12139
278037 12223
452342 12272
260718 12318
261770 12539
258687 12570
249989 12822
312961 12926
298490 12972
261783 13058
290370 13192
254305 13197
252224 13309
278095 13646
368194 13777
433307 14221
266625 14326
307725 14327
306756 14569
429351 14657
326018 14867
291229 15001
346286 15177
293411 15256
312013 15371
264860 15398
411325 15525
458520 15672
280935 15714
292425 15742
262714 15771
304418 16085
268931 16422
278007 16429
253322 16517
317827 16974
302545 17402
315911 17621
404815 17780
259709 17909
305544 17925
239244 18020
262750 18102
279204 18166
281192 18498
296418 18508
414555 18874
420044 19249
327935 19574
302549 19642
379149 19681
388677 19811
337258 20062
280284 20134
352095 20186
270915 20218
262750 20540
296485 20676
432813 20798
396499 20806
324161 20866
263613 20874
272729 20875
463722 21146
279274 21227
264835 21309
381560 21554
242318 21566
270831 21735
336552 21857
311944 21884
293484 21962
267837 22037
314788 22082
309659 22256
265789 22321
454359 22987
317884 23157
302558 23347
329141 23368
407765 23453
345635 23533
230229 23633
263512 23872
411011 23898
298490 24279
286327 24391
272126 24477
267708 24655
264719 25092
266788 25119
251275 25358
277128 25750
231009 25908
453375 26069
295466 26357
331173 26557
278138 26697
370979 27316
269755 27521
310066 27909
266901 27926
269933 28048
292570 28213
267743 28505
264830 28524
280278 28556
292342 28666
216175 28710
267967 28862
407039 29602
299873 29612
459917 29906
282239 29965
387448 30222
215779 30251
216820 30381
317953 30516
259685 30953
306765 31030
242235 31112
271957 31133
394729 31221
401020 31432
304618 31501
374219 31800
267720 31952
337548 32137
290248 32339
265658 32355
376557 32524
312518 32684
285173 32909
335724 33070
275952 33169
277072 33174
261667 33197
283992 33724
192196 33787
383425 33998
333253 34782
323135 34830
221784 34842
238093 35072
453434 35137
255720 35200
288191 35236
260672 35756
481041 36035
292678 36232
450875 36320
287340 36547
189164 36552
374519 36630
316974 37083
390598 37118
294402 37885
286208 37975
253423 38007
346800 38040
272776 38064
335461 38378
263614 38471
276891 38938
270897 38995
412518 39402
307735 39560
293314 39786
264790 39831
267704 39852
360867 40030
359017 40073
302691 40344
274902 40392
404251 41072
263612 41100
263821 41153
368029 41314
312711 41568
299669 41787
300466 41805
375209 41956
248469 42031
472220 42170
295360 42187
271008 42296
254647 42464
351697 42510
341729 42882
347750 43009
231680 43473
264875 43580
315910 43743
288411 43807
338050 43932
318923 44078
341428 44472
251220 44487
338418 44582
465724 44686
237282 44749
263870 44765
333622 44800
350496 44956
304695 45436
289200 45722
340582 45743
459962 46232
352879 46319
265907 46685
199383 46689
265650 46868
265660 46889
308570 46981
263647 47079
384601 47507
278105 47536
281274 47663
384840 47745
302547 47761
319818 47907
285546 48100
307810 48317
311793 48333
263602 48471
246433 49222
189219 49292
384408 49377
278083 49395
280000 49660
345884 49892
263648 50264
417240 50698
262865 50712
192233 50853
274167 50879
280053 50942
324246 50973
320297 51104
263811 51134
288986 51261
307715 51416
309692 51756
281246 51899
307594 52621
345212 52659
324165 52741
495872 52842
443689 52890
256194 52920
267863 53202
261727 53207
304823 53475
267741 53486
308747 53556
315884 53619
469287 53936
164538 54128
156342 54237
267917 54317
335446 54739
291236 54767
334553 54797
312866 54844
267978 54889
332220 54914
272035 54936
250516 54965
288418 55058
289347 55153
196162 55892
297666 56019
309725 56230
274062 56338
290205 56373
309649 56675
258542 57375
269847 57379
479066 57787
362343 57885
267858 57944
326921 58340
316006 58382
261754 58947
314942 59048
271907 59491
297573 59558
299550 59583
231032 59585
199422 59646
307629 59749
316971 59782
249395 59786
323185 59926
348743 60302
473332 60316
426133 60378
381190 60628
299647 60717
271939 60816
307761 61458
197776 61488
287217 61687
414230 61782
200851 62097
374174 62584
274981 62915
267727 63027
298562 63078
343820 63160
301495 63624
291323 63672
298788 63712
336248 63802
368849 64205
160351 64268
270908 64276
167725 64646
432484 65120
379238 65359
312968 65812
271795 66033
330477 66091
306601 66247
385635 66352
429733 66402
364058 66458
169749 66539
333595 66702
437981 66730
265781 66975
324146 67059
383411 67062
279180 67184
319910 67515
231055 67632
331296 67726
416002 67991
271001 68021
273796 68194
259652 68350
205619 68528
210647 69067
287221 69169
395131 69324
360249 69421
366980 69603
262781 69802
265764 69907
292572 70101
274055 70191
286308 70231
472826 70455
260474 70819
379385 70890
376590 71043
379767 71337
384432 71423
238234 71957
302508 71970
314046 72180
268925 72650
281113 72781
273819 72797
375555 72834
259419 72962
278126 73043
264646 73284
299472 73331
489735 73406
294386 73689
254313 73690
261691 73882
310794 74399
303607 74742
263647 74857
308776 74989
299541 75517
280970 75598
294412 75680
261524 75836
307614 75874
267390 76334
368260 76498
273977 76539
276020 76549
278113 76583
263643 76797
271854 76883
301703 76899
448808 77323
274073 77355
485117 77562
217647 77920
368347 77948
311693 78070
297428 78538
305608 78581
365799 78738
308743 78968
292379 79062
263613 79180
323985 79233
283793 79395
301732 79510
443135 79541
224407 79584
236892 79632
295404 79745
289257 79968
294385 80345
266850 80409
259710 80549
309844 80618
284434 80632
412833 80888
392581 81088
268895 81090
429356 81276
264766 81385
432819 81480
329359 81748
281237 81814
294505 82260
291242 82796
278078 82992
237717 83137
239363 83402
260502 83747
406662 84097
344819 84098
334209 84126
357679 84185
263603 84213
360273 84268
281248 84388
269864 84407
306600 84450
264834 84553
286272 84569
312850 84650
299461 84807
166696 84817
322181 84824
465063 84988
228080 85036
342549 85137
257711 85403
252282 86142
302554 86145
336065 86293
264671 86498
279080 86656
358220 87387
264920 87443
323396 88094
264866 88109
355959 88176
299530 88346
272929 89005
308761 89047
292099 89627
371002 89691
378382 89822
264720 89868
373057 89923
310718 90253
381461 90501
276183 90668
279106 90889
265661 91395
300585 91426
262596 91440
271698 91811
269779 92164
432902 92363
346533 92537
250365 92580
306870 92792
444678 92805
376249 92831
266621 92882
270952 93117
261773 93208
285377 93468
265770 93496
266685 93790
267934 94047
277152 94197
246140 94411
401762 94420
464649 94845
279895 94908
393560 95176
280186 95228
229978 95708
307680 95721
193321 96343
287372 96407
281250 96431
344658 96697
263604 96874
377582 96907
326180 96989
299576 97064
267741 97132
273952 97246
266862 97287
348282 97325
301645 97399
239263 97475
476951 97555
279174 97900
383759 98033
266852 98077
280122 98233
216558 98620
287337 98632
262364 98972
359912 99164
419030 99170
324134 99241
248479 99269
225051 99305
387343 99366
374184 99595
265658 100305
280251 100548
265821 100586
263714 100676
269893 100730
274956 100741
262576 101649
224992 101774
442210 102030
341584 102335
274992 102396
269847 102526
261574 102769
378700 102987
223988 103029
364137 103332
440003 103567
290354 103647
387819 103668
270942 103768
285487 103878
265651 103933
291246 104233
356982 104312
324129 104317
278225 104409
296428 104529
267961 104855
342644 105027
428391 105121
371044 105166
278749 105390
267915 105870
260732 105893
239284 105917
253423 106504
264628 106732
361830 106739
282089 106872
392998 107117
400640 107299
229517 107709
268685 107965
313768 108009
337015 108211
300569 108218
398557 108555
250387 108598
262799 108656
351568 108659
348793 108933
326806 108973
237250 108996
321943 109217
276077 109488
365204 109828
264763 109906
259774 109966
303603 110262
280053 110300
260448 110940
260716 110951
296347 111102
336273 111237
362174 111239
301523 111331
258728 111473
275055 111779
390916 111824
302640 111973
265672 112025
338290 112092
285174 112214
292477 112253
339155 112701
263739 112889
264823 112930
369483 113464
290168 113512
219498 113536
474892 113637
337289 113665
387781 113688
354521 113933
292388 114001
332419 114644
289260 114736
272081 114908
334496 115002
264623 115196
321108 115938
376363 116099
262745 116154
320039 116325
409222 116494
304543 116618
268918 116782
351681 116886
267672 117406
268880 117533
449311 117538
326055 117548
270964 117562
226001 118292
280349 118297
311879 118481
327990 118658
295447 118995
286332 119031
350755 119151
212781 119188
305773 119507
262722 119512
337309 120145
339645 120246
188143 120373
423564 120563
260928 120936
307604 121011
253278 121214
279103 121539
280155 121719
263761 121902
358190 121916
278217 122230
259717 122310
309709 122621
370844 122735
298513 123144
206665 123462
169659 123625
269866 123686
297526 123772
324037 124169
378428 124293
309431 124594
289128 124633
298513 124716
321973 124846
326985 125322
269891 125342
261721 125835
260430 125960
312755 126182
262597 126307
201260 126553
329317 126615
279101 126746
289219 126861
262563 126949
313927 127052
356050 127109
383131 127591
277070 127686
243304 127860
279115 127990
271898 128388
328192 128494
289540 128729
270023 129113
261499 129175
264837 129201
223377 129260
344931 129417
294475 129486
338493 129779
283262 129906
303481 130100
348764 130160
243288 130174
310624 130489
247937 130659
289028 130735
315945 130942
310814 131190
311701 131463
325401 131683
308637 131741
343645 131875
263647 132206
264626 132269
303767 132530
266718 132621
266809 132787
238213 132827
330344 133819
299187 133901
299457 133968
316014 134017
268865 134894
312755 135007
263810 135152
258728 135345
288236 135413
296781 135460
421599 135533
308647 135714
247451 135843
306634 136079
287210 136143
256603 136172
274902 136194
267699 136278
262623 136353
268918 136522
407732 136525
309777 136654
312942 136805
323372 136863
193115 136982
245442 137095
429380 137331
254113 137385
267946 137434
333591 137587
271888 137732
259697 137891
447824 138160
266886 138203
367216 138206
298472 138521
271940 138603
260549 138813
282780 138827
241816 138950
212572 139021
322364 139201
348519 139525
263611 139832
313813 139833
297591 139885
491762 139911
307719 140244
320869 140526
273048 140664
268923 140747
324794 140788
282238 140839
267646 140845
254264 141006
317888 141320
288506 141338
216203 141545
265947 141750
265673 141963
261784 142163
369100 142551
266859 142904
314688 143069
227016 143165
261525 143612
327928 144092
289379 144380
272976 144615
459601 144743
491769 144787
388384 144876
284175 145154
330873 145274
243342 145618
306686 145626
487145 146147
267717 146320
295449 146604
308777 146645
354022 146920
336333 146976
289397 146980
277168 147313
392696 147478
292392 147481
289195 147553
289259 147736
267628 147826
255744 147921
263793 148174
439561 148203
341508 148330
264756 148351
205499 148465
299884 148472
296418 148488
264891 148824
344633 148886
271736 149064
236792 149278
335517 149384
270873 149438
342844 149642
312864 149731
318921 149931
304641 149938
300500 150396
265887 150444
247515 150809
305762 150830
219686 151068
313942 151164
310796 151166
300533 151325
369909 151413
410106 151545
369109 151565
267921 151578
326070 151606
313508 151885
212717 151964
301545 152302
294384 152616
268005 152787
269918 152874
324768 152990
301771 153063
235197 153318
267707 153403
269982 153472
264809 153612
210524 153763
381387 153815
376989 154038
367951 154445
231608 154697
308938 154835
250085 154894
264802 154904
339150 154962
268689 155314
293251 155458
440540 155512
313818 155693
256677 155767
252411 156019
278179 156200
258388 156523
252028 157077
348445 157232
288269 157385
432887 157407
265648 157715
396073 157940
266900 157954
294726 158085
267926 158106
289235 158223
472245 158447
294287 158644
273015 158671
268889 158795
282862 158983
268879 159107
292455 159256
289125 159300
292495 159378
274058 159515
319184 159571
463579 159721
314822 159935
280189 160328
325434 160411
289127 160569
265908 160638
238144 160768
266928 160956
378216 161064
205534 161147
279031 161382
263662 161407
343725 161444
299452 161542
319014 161598
355075 161660
320982 161695
249190 161834
292322 161851
264646 162177
420053 162203
265837 162216
267717 162234
348010 162685
334147 162882
284923 162892
441135 162923
242062 162978
347539 163548
266953 164115
381432 164138
261465 164191
417069 164445
402077 164484
435947 164498
290226 164564
204520 164719
419646 164972
334626 165352
409795 165500
260697 165552
421563 166148
422633 166620
307716 166686
312737 166919
453418 167185
361992 167665
332992 167674
223599 167708
419122 167751
263848 167810
263577 167854
257268 167860
345499 168144
298540 168172
261738 168278
269694 168355
311061 168363
310718 168524
376970 168817
318911 168999
202567 169211
266965 169283
344596 169336
262732 169828
273027 170024
268739 170133
408328 170334
270017 170662
265952 170736
478482 171325
456556 171403
274077 171577
304744 171724
277146 171785
263789 171903
268721 172009
337437 172310
328498 172400
224831 172414
348863 172683
274992 172801
219259 172849
325037 173106
467782 173378
260708 173549
358690 173637
374013 173717
388282 174025
301540 174075
265658 174133
362675 174191
317837 174229
277126 174398
294376 174424
271852 174631
407934 175099
397010 175815
260499 176280
255293 176287
410101 176837
262793 176958
263643 177101
279105 177110
259697 177185
292240 177234
214190 177285
391330 177480
305653 177671
308640 177835
356085 177981
261818 178194
315073 178288
304548 178365
361768 178380
266835 178402
376104 178475
302926 178791
360858 178812
315980 179059
263611 179061
274069 179240
267813 179261
330554 179389
260487 179433
392955 179506
265681 179651
298494 179685
269944 179922
262596 179975
288035 179995
271007 180201
342271 180229
314863 180467
365939 180628
309648 180698
263366 180751
341399 180938
288171 180939
303647 181396
457456 181582
349536 181618
304470 181681
376455 182013
297538 182130
277255 182133
271056 182228
354926 182768
420586 182814
265650 182825
259681 182898
249363 182914
262694 183073
258377 183125
265827 183370
278058 183467
317087 183507
261540 183591
260771 183846
270768 183971
455942 184176
256653 184192
295233 184386
262586 184414
402271 184504
272940 184739
306665 185116
311795 185280
283813 185389
306769 185546
282862 185646
265670 185730
362745 185930
342286 186080
337190 186274
420150 186408
294660 186568
254600 186600
262805 186851
232221 187049
263622 187089
318954 187355
346715 187462
265634 187489
384396 187624
352991 187705
261301 187858
303633 187990
266779 188089
269919 188105
344403 188156
269886 188283
340159 188366
193322 188527
279092 188595
301485 188642
261755 188672
353129 188760
281273 188790
298616 188951
298493 189299
358114 189347
287952 189381
409366 189698
275057 189777
205945 190092
332055 190141
193237 190147
305560 190331
330145 190387
308760 190495
265659 190559
288171 191005
263779 191210
187204 191630
321837 191802
213511 192053
345743 192107
273126 192116
274899 192219
280104 192236
261736 192451
269878 192554
283263 192696
200536 192998
284051 193113
300810 193590
348716 193706
266846 194053
264962 194105
178896 194200
376103 194465
301616 194666
306415 194770
273904 194838
268686 195059
188556 195110
303523 195151
409370 195329
236253 195517
405329 195598
470759 196114
344205 196168
428260 196178
430923 196192
381106 196219
363072 196382
289198 196764
241228 197054
267857 197262
323313 197304
265574 197664
307677 197815
306641 198004
295360 198098
265553 198287
242458 198957
374434 199171
353777 199877
368313 199962
355756 200125
303645 200562
338496 200961
315922 201398
391423 201407
386784 201437
368110 201482
190267 201681
316991 201848
295450 201963
487649 202102
228723 202485
335382 202565
370823 202702
296350 202738
314532 202946
407339 203173
278178 203343
263757 203388
468802 203652
267896 203745
269918 204952
231274 205474
313927 205971
263780 206061
396945 206116
272074 206189
214780 206272
310771 206307
268793 206330
353096 206523
274060 206651
250416 206925
331449 206931
421512 207469
158396 207495
201274 207581
264626 207681
342673 207794
376492 207946
247090 207959
422675 208058
278304 208128
267902 208133
401072 208554
263788 208690
262740 208864
356932 209436
342631 209460
379460 210381
403299 210464
257644 210467
294451 210556
279103 210613
270932 210624
288251 210659
433283 210729
426819 210735
286198 211146
264625 211389
292712 211630
330602 212001
261795 212192
306602 212429
215758 212622
291330 212734
202503 213099
409259 213138
232110 213320
314917 213703
388486 213788
265876 213997
222741 214063
437533 214326
422645 214477
452330 214621
275915 214673
377468 214776
275875 214780
424740 214894
381206 215016
323006 215043
279021 215163
181935 215180
415956 215273
261731 215297
347409 215589
450284 215952
394574 217240
260681 217349
457880 217800
271779 218162
278216 218503
413197 218634
323268 218646
368204 218755
280111 218794
316938 218895
349993 219444
279967 219462
274067 219782
235096 219894
303677 219935
278069 220331
373979 220480
287109 221003
413896 221070
265826 221309
333098 221340
300531 221510
288238 221533
262782 221882
266717 222032
263613 222050
262728 222444
263715 222520
265657 222591
309810 222593
286392 222679
272799 222849
265821 222858
307693 223112
322113 223552
275075 223589
373619 223718
299587 223752
263622 223803
264650 223986
255344 224037
283362 224997
315790 225305
271011 225399
250556 225490
300627 225847
305583 226073
343489 226089
265803 226198
244202 226235
428240 226261
310680 226572
325806 226733
415504 226787
226071 227252
231648 227375
336275 227510
290252 227715
280011 228036
353713 228082
177956 228291
268881 228326
274916 228416
259695 228765
235019 228894
356000 228906
305661 229416
302770 229434
421590 229488
261723 229690
279107 229708
268888 229864
270498 229890
232934 229905
275799 229979
254554 230513
266836 230529
422558 230564
395465 230754
278952 230777
304640 230844
257539 230851
296498 231139
271546 231243
251495 231322
254285 231484
257158 231555
374084 231622
354576 231644
257356 231659
309827 231665
287342 231717
209701 231788
419448 231845
274136 231846
255636 232315
264805 232452
318881 232827
260502 232872
253294 233400
231814 233710
314607 233763
264765 233771
284438 233963
262778 234082
318193 234211
426839 234295
320324 234536
262691 234617
278268 235074
312799 235140
265875 235166
317839 235420
332589 235666
294120 235842
277174 236100
320137 236116
265662 236194
267987 236203
253264 236374
297582 236697
335273 236937
376543 237353
303671 238251
265747 238430
247005 238835
291341 239060
259488 239069
294678 239382
301192 239479
312794 239537
240995 239693
477332 239699
332316 239868
317093 240170
322147 240219
436451 240740
380762 240901
304657 241180
316012 241270
405633 241584
347736 241956
291219 242167
318884 242287
292448 242511
269989 242554
261800 242603
264910 242708
317000 242730
352051 242808
267716 242833
267720 243023
268851 243438
264808 243838
304425 243942
416087 244130
445674 244293
342390 244617
356885 244844
267868 244852
277200 244980
445566 245176
270892 245715
378416 245739
236898 245844
261784 246190
238303 246551
272890 246715
417043 247145
181019 247318
256653 247324
403139 247518
206586 247700
318256 247718
265658 247896
289643 248411
200504 248495
229138 248977
215213 249165
378604 249365
270872 249777
353943 249952
364025 249982
328117 250472
265942 250639
316975 250890
275122 251271
264841 251714
306610 251822
266786 251982
333165 251985
310986 252506
223360 252912
382255 252976
210484 252982
296421 253215
266686 253511
307869 253585
331299 253755
271803 253757
281014 253820
312746 254043
264549 254104
279021 254592
264637 254634
310724 254770
351926 254976
266852 255080
471212 255306
306623 255368
208654 255429
262734 255555
276073 255767
272977 255826
362106 255867
336348 255945
270916 256079
265766 256084
335024 256225
396100 256272
231043 256435
265660 256528
305601 256559
317084 256842
264582 256911
228534 257018
259690 257036
255654 257057
286376 257085
302717 257278
246087 257476
418233 257583
385361 257625
454980 257691
267696 257882
278039 257883
328178 258394
313848 258512
370019 258689
269945 258732
233631 259383
257644 259601
381804 259724
242330 259793
245921 259808
263612 259860
261468 259934
307659 259936
407224 260114
337409 260179
318645 260239
251220 260451
306877 260668
293628 260766
391668 260843
263662 261669
297398 261710
277151 261809
268835 262023
370820 262033
302439 262089
317029 262156
267707 262212
264656 262525
392660 262606
299537 262690
303512 262764
251277 262775
314804 262839
222389 262931
254319 263157
397028 263251
279070 263405
308769 263632
450839 263815
451746 263881
313107 264099
326807 264266
290200 264325
290511 264549
263769 264563
300534 264565
404245 264570
328955 264906
379124 264977
265977 265007
277151 265073
290250 265104
266832 265205
300462 265268
266717 265695
256609 265767
277092 265871
241453 266102
229977 266342
263601 266368
261801 266538
338385 266798
256697 266944
302492 266989
264804 267080
290257 267300
401170 267420
289281 267514
267707 267562
386373 267634
267944 267712
205604 267838
265768 268123
319184 268375
412344 268561
322113 268637
373175 268655
278184 268696
269970 268737
273903 268793
448796 268795
268876 269227
373048 269266
270879 269784
297483 269797
256658 269827
280254 269855
333518 269915
290599 270130
269755 270383
369442 270451
376592 270462
271693 270536
289191 270762
339474 270852
454363 271171
189191 271280
485522 271309
384161 271429
208617 271587
270970 271761
263540 271766
356210 271901
299507 272020
266718 272098
231144 272246
268722 272283
265818 272568
482547 272657
278215 272676
336320 272975
332923 272995
257623 273129
443626 273255
268650 273353
291230 273601
296502 273782
277878 273914
450266 273939
264764 274005
264637 274146
266905 274151
386553 274170
396590 274310
390847 274328
336416 274710
441667 274741
330501 274742
282182 274830
269710 274960
375326 275055
329142 275284
236138 275371
272766 275477
299535 275768
262576 275894
272735 276076
298506 276141
306796 276258
365296 276597
267923 276811
305689 276823
409895 277476
246897 277507
158879 277546
277120 277833
278248 278041
254656 278071
290236 278105
266685 278350
263647 278517
498947 278521
286279 278589
265680 278697
262750 278705
302493 278771
269918 278838
262585 278957
300625 278976
274090 279425
331287 279470
355867 279670
267718 279751
386575 279826
265661 279836
241133 280125
291261 280772
258682 280955
363176 281378
323126 281827
291408 281947
319011 282272
265807 282285
309792 282334
257662 282372
326034 282600
336340 282773
249634 282816
407751 283054
265780 283078
267414 283442
340545 283597
298469 283650
380224 283881
251441 284055
327265 284294
277112 284423
467719 284435
272006 284616
278038 284686
317006 284871
265919 285030
230525 285122
283264 285637
265764 285876
262855 285937
274067 286308
263808 286514
282003 286541
345676 286710
407918 286827
248500 286851
399646 287066
258672 287229
313947 287429
190166 287557
261812 287609
408905 287784
311752 288062
254646 288078
316822 288176
265922 288620
301600 288782
390311 288857
262750 289106
490672 290044
264636 290199
337171 290302
298594 290383
265672 290466
287470 290557
303447 290618
408101 290630
294424 290664
270537 291118
304636 291411
340338 291518
263601 291720
273102 291729
414369 291885
265772 291896
309777 291953
277663 292042
268865 292411
296409 292955
304623 293061
265657 293375
200425 293526
354649 293843
453945 294649
232835 294651
262601 294802
255771 295066
253310 295196
256601 295513
464048 295625
278213 295668
498945 295873
268984 296275
302217 296506
454946 296659
259374 297174
317791 297205
317220 297278
336089 297684
264756 297687
268855 298219
266907 298228
262638 298616
271962 298788
356741 298867
267714 299298
319183 299451
303608 299766
309809 299960
267715 300017
392558 300370
207674 300392
364965 300405
270867 300740
276060 300866
287929 300973
266692 301585
330372 301675
290307 301723
261761 301741
347742 301961
261723 302100
262750 302300
162555 302548
340169 302970
267910 303098
393328 303151
336034 303213
282122 303225
326376 303575
418085 303622
291490 304461
383537 304504
269929 304551
270758 304835
269869 304977
263731 305121
264790 305313
209520 305541
286311 305673
296175 305692
383677 305860
264636 305913
288578 305952
365049 306352
449209 306404
324311 307342
343189 307399
402178 307723
349453 307929
305904 307948
289516 308181
209074 308262
263745 308900
492324 309192
376587 309256
484579 309356
262552 309359
398728 309368
268919 309558
306690 310216
165015 310320
265851 310425
284197 310680
273122 310690
339566 310713
304282 310872
459546 310962
307732 310972
265548 310995
293565 310996
265771 311109
203308 311294
255116 311319
367304 311347
329317 311401
299460 311520
340522 311544
427143 311550
339521 311817
304655 312102
268943 312300
320644 312452
238177 312758
343688 312883
314059 313232
268892 313345
295396 313383
263647 313452
302823 314323
419247 314922
320037 314957
280125 315002
481055 315372
324125 315426
390702 315470
307618 315922
374328 315978
267931 316573
269976 317258
302642 317491
262743 317524
391387 317556
310844 317708
263602 317733
268907 317973
309693 317976
417357 318012
308764 318177
295405 318391
325113 318593
274061 318651
267918 318763
292152 318764
217213 318768
306894 318781
298626 318796
267791 318980
413048 319035
349590 319300
295479 319305
265780 319374
317183 319394
297579 319444
346554 319819
286332 319892
289204 320351
455870 320554
273071 320701
183058 320765
468751 321027
264627 321135
342856 321386
345285 321395
319190 321434
281008 321449
250231 321581
303364 321975
249030 321986
291381 322182
409951 322482
342546 322643
294358 322934
278108 323109
312740 323110
307542 323145
277128 323238
319893 324050
369104 324251
324160 324388
262578 324625
331228 324683
198439 324855
239206 325205
250473 325392
411946 325450
293377 325545
310791 325991
356005 326253
327414 326272
291222 326308
265797 326441
419077 326445
267914 326758
278093 327113
343864 327371
396874 327448
234889 327757
468795 328416
373122 328421
269943 328549
278226 328601
319150 328666
363904 328683
321063 329058
343778 329844
311712 329918
303525 329962
448748 330028
336093 330280
279847 330375
262758 330473
399024 330600
253477 330640
337702 330990
193291 331026
349569 331290
270926 331439
258580 331929
300463 331971
296671 332360
283000 332532
242806 332655
274152 332738
489654 333161
255327 333194
269901 333265
346517 333299
264788 333649
223956 333690
326327 333736
255679 333820
311496 333843
265660 333906
242275 333907
279989 334014
208065 334127
306721 334188
347716 334242
322981 334244
361972 334336
316134 334365
319934 334764
266911 334960
269674 334967
316853 335162
313025 335266
474258 335332
310087 335442
368472 335563
299734 335620
269755 335741
266703 335794
303332 336337
263604 336550
307737 336789
303714 337076
267631 337228
331325 337343
287525 337418
419601 337754
264633 337873
291132 337890
420228 337997
386304 338292
286141 338391
255348 338670
290294 339146
284796 339813
265817 340054
351389 340120
262586 340233
239155 340247
265649 340372
262580 340649
257723 340980
352901 341020
403608 341145
338618 341286
244301 341362
260727 341649
264596 341672
263623 341690
397855 341694
299536 341794
244019 342089
297093 342171
238401 342265
268866 342433
229214 343176
262588 343498
383628 343540
288295 343692
256570 343700
478396 344086
211673 344153
323152 344587
264639 345323
279153 345543
447766 345730
209699 346358
376355 346647
266888 346852
317256 347013
420241 347215
306692 347589
402128 347964
299609 348066
288193 348185
264785 348569
259389 348650
259703 348680
355980 348772
313003 349027
304558 349472
232824 349476
231759 349759
265738 349877
312909 350001
256613 350119
360711 350218
363386 350225
360937 350606
270971 350755
269694 350780
315984 350841
210738 350852
282295 350854
477936 350981
332084 351270
245996 351451
319083 351555
373469 351583
266683 351625
179033 351654
243394 351733
358914 352221
262815 352252
325841 352290
304718 352687
450272 352830
275093 352832
381329 353180
269668 353204
279024 353474
191650 353563
407183 353701
342723 353880
421178 354026
349584 354331
186036 354343
297486 354348
240322 354507
264837 354567
300569 354568
259697 354581
260699 354666
184917 354773
286333 354840
275800 354853
232027 354890
333503 354978
275091 354987
267701 355281
267710 355364
238051 355789
299534 356084
302556 356228
228875 356295
309770 356439
267886 356595
333458 356804
264706 356838
350733 356913
299593 357037
387724 357427
278957 357500
259462 357541
246484 357543
262543 357623
421228 357769
326290 357866
295254 357872
325060 358046
317221 358546
261614 358558
258626 358578
307591 358651
261854 358869
433373 359086
263802 359368
345644 359370
412847 359511
328199 359568
305644 360031
300464 360189
317045 360258
266910 360362
314935 360528
274915 360781
411500 360834
272804 360915
318588 361174
264855 361209
224401 361348
267848 361554
289156 361636
441571 361745
267835 361777
302519 361788
276257 361795
277245 362362
340820 362517
250519 362573
259714 362864
263643 362926
264625 362975
265555 363169
301493 363272
261800 363278
264636 363416
270914 363538
260798 363675
294705 363694
331170 364309
266853 364327
267815 364331
480050 364733
262563 364752
325183 364902
258835 365063
254295 365071
287331 365212
359590 365584
197780 365783
396135 365819
263757 365964
278113 366041
315921 366100
259784 366220
264842 366458
297504 366722
259777 366975
413057 367430
413437 367970
198224 367987
280085 368001
448284 368355
277138 368387
465107 368416
189590 368429
175919 368540
355655 368596
465165 368942
309661 369054
268892 369080
297554 369172
267924 369442
267012 369590
263817 370679
266851 370746
362939 370795
258749 370931
281251 371074
297529 371178
454879 371250
307724 371335
267991 371374
228516 371407
304247 371546
311811 371728
310930 372087
305686 372236
270830 372389
281318 372619
340823 372791
261516 372873
269899 373897
279064 374225
415249 374264
260684 374377
477009 374430
390490 374642
297424 374757
249548 374893
450315 374974
292380 375133
454379 375145
283075 375195
261762 375509
367316 375785
288239 375842
297490 375945
311763 376061
322023 376861
288297 376933
211768 376961
244364 377034
272757 377090
280251 377647
394950 377799
269869 378002
280113 378013
366030 378111
346457 378168
322719 378282
338516 378470
389252 378685
302665 378928
474847 378939
390982 379125
479371 379666
262695 379690
441193 379715
294288 379751
292009 379804
281127 379939
273085 380373
323005 380399
233082 380654
336125 380704
297516 380815
278089 380850
289438 380976
254258 381382
323162 381470
278182 381513
294414 381525
338242 381636
265659 381655
347613 381664
262742 381868
279167 382021
341211 382477
266956 382631
307804 382972
264770 383638
365721 383701
265759 383817
302212 384022
264635 384150
438058 384283
263647 384356
227717 384611
280326 384701
301479 384745
347793 384782
293408 384976
412354 384979
192277 385022
312763 385228
411950 385452
441540 385570
296412 385949
474386 386039
263611 386207
371192 386292
265732 386347
297377 386712
273039 386800
313898 387138
264836 387196
352390 387482
307052 387486
319894 387553
266684 387987
270026 388073
259414 388254
352846 388670
421663 388798
362133 388807
278075 388937
270913 389267
279019 389358
287261 389715
292100 390015
270947 390035
252472 390064
314808 390189
352609 390210
274047 390273
285162 390328
299541 390585
196180 390949
410857 391047
315913 391170
269730 391289
264767 391958
360298 392433
279018 392686
289269 392710
364723 392836
279226 392876
296371 393018
271795 393062
265782 393205
185057 393219
260761 393332
224796 393372
384394 393557
275108 393840
358992 393867
303624 393932
228073 393936
334015 394192
321039 394875
259462 394895
293183 394951
270699 395078
269891 395132
272585 395177
309682 395383
178938 395550
332441 395712
241303 395872
478945 396166
398562 396502
388415 396593
293350 396673
315798 396944
275162 397206
296491 397786
262588 398091
198810 398213
298540 398227
315877 398238
292439 398667
295438 398732
327097 398833
322161 398944
265659 399062
265870 399256
370229 399816
280972 399928
319024 399971
304683 400109
265822 400374
271779 400457
266841 400605
165689 400755
340665 400801
453428 401439
262589 401499
257386 401769
263758 402119
268743 402420
326907 402435
314648 402457
265660 402504
280023 402685
278973 402899
281137 403168
267926 403245
382330 403296
393378 403320
279254 403410
265658 403440
338494 403559
412226 403705
303734 403733
461613 403886
365300 404220
418466 404451
298508 404521
297455 404673
309590 404974
368206 404994
156356 405437
263783 405490
402127 405593
350030 405791
287245 405819
270737 405833
393684 405863
356621 406124
255453 406152
220868 406287
327059 406422
398997 406609
270950 406730
417436 406780
293396 407140
289186 407313
396739 407417
370261 407533
267020 407878
409175 407927
297664 407944
297301 408231
228503 408486
357824 408678
258364 408713
330344 408956
271906 408958
449389 408966
386606 409106
242894 409205
270757 409309
308682 409537
315018 409794
286210 409832
267915 410274
273774 410320
377583 410428
257639 410577
251441 410667
345242 410955
267708 411071
311691 411165
469176 411372
314184 411385
321972 411417
374572 411442
268993 411445
268923 411798
345382 411942
264803 412024
248192 412048
281182 412102
270876 412257
279064 412435
275272 412581
305741 412884
256680 412963
353753 413033
284064 413593
271970 413708
294607 413714
350895 414056
270534 414172
311824 414229
263826 414258
293314 414287
256378 414654
410161 414704
353884 414780
263327 414836
312646 414890
298498 414908
445146 415071
261701 415089
211688 415355
266672 415450
367117 415534
291240 415628
269861 415644
441612 415853
280087 416068
242443 416206
267958 416379
288190 416659
281139 416934
262577 416986
360764 417182
332020 417397
258558 417422
255296 417806
298737 417834
330987 417953
321939 417985
333440 418417
491253 418541
286007 418765
305800 418779
286322 418838
234151 418994
279357 419073
266426 419225
244901 419407
390292 419544
338543 419715
417611 420208
412312 420481
384663 420541
252285 420673
344491 420726
421254 420824
260329 420911
280100 421289
305827 421320
260767 421491
312881 421515
306607 421586
261563 421600
367112 421609
301578 421754
390973 422040
310838 422114
280268 422151
277122 422163
423171 422198
258707 422293
319797 422373
268897 422419
283040 422496
380290 422618
255685 422712
331478 423107
307712 423115
264759 423203
226998 423245
267907 423287
186031 423652
312785 423752
275108 424157
340450 424202
262587 424328
238152 424575
302391 424586
264833 424605
341383 425022
403826 425039
272767 425166
321322 425394
268949 425450
323778 425559
380712 425595
314646 425669
304668 425875
258397 425945
267922 426220
268938 426637
345657 426761
264809 427062
265827 427123
279119 427217
273969 427219
357863 427377
320712 427424
234835 427430
239082 427519
270911 427575
279113 427649
410464 427870
264795 427969
344287 428474
280151 428800
267706 428916
280082 428942
268935 429007
264897 429344
269990 429588
178937 429952
294451 430017
337559 430031
380261 430093
456459 430140
324800 430263
351783 430362
260550 430945
267706 430993
263759 431243
413048 431429
263614 431482
315836 431503
215169 431702
300186 431979
317780 432088
304687 432169
235140 432206
259704 432364
403651 432479
432272 432545
349666 432592
250358 432594
260516 432919
264534 433086
273088 433171
377244 433279
317857 433319
269856 433432
341430 433729
268906 433773
360738 433816
289264 433987
303725 434026
265800 434085
282301 434108
444253 434120
266927 434265
280147 434321
348434 434387
264646 434410
397789 434438
332450 434542
374542 435036
350899 435110
274065 435269
265812 435289
263662 435320
283223 435327
425085 435997
372220 436068
249415 436117
260702 436258
297566 436374
340338 436493
262601 436578
337091 436612
317293 436788
259709 437239
418383 437254
225985 437618
244979 437968
298619 438139
320901 438426
306708 438439
302662 438664
302632 438684
247652 438946
267698 439067
242396 439313
360863 439328
350013 439717
295450 440081
382701 440327
268856 440355
387512 440427
241292 440436
334456 440640
457462 440672
264655 440700
266844 441105
207999 441140
291550 441200
357567 441228
354802 441303
262757 441337
269902 441787
416319 441874
305648 442065
291481 442758
279260 442936
364193 442949
232288 443007
312875 443129
273773 443164
260548 443453
265922 443677
324078 443778
324438 443875
364144 444012
402604 444597
273793 444717
296508 444837
364113 445048
311622 445105
263612 445110
287389 445187
400638 445358
470290 445373
226137 445520
257696 445692
303607 445812
252480 445871
377586 446183
279134 446674
361080 446745
247377 446825
372090 447038
288172 447042
265847 447086
287050 447116
327419 447123
370030 447759
322138 447788
261822 448058
232079 448278
252269 448484
263849 449198
329143 449359
310050 449459
334603 449506
272776 449650
284050 450202
263663 450654
335280 450723
277148 450885
330388 450905
300589 451026
304658 451214
287415 451386
467736 451793
265872 451820
233591 451871
334259 451926
437468 451966
304761 452217
267857 452319
292432 452326
262790 452345
238235 452613
470306 452868
261577 453015
262739 453201
429716 453203
255206 453423
338652 453642
348295 453752
398767 453889
355589 454585
270923 455066
210524 455093
444713 455400
269877 455466
289203 456204
273962 456253
438403 456976
304872 457065
348441 457216
323155 457244
284045 457338
289076 457355
224969 457366
187219 457565
270007 457584
235136 457748
280109 457749
429927 458016
387688 458028
271091 458237
345510 458344
312921 458441
184482 458459
255357 458550
271721 458556
461543 458726
172179 458844
247264 458845
309403 460282
273174 460928
313759 461026
264758 461241
280026 461351
255375 461427
239107 461484
290240 461553
243939 461582
312961 461638
275982 461752
360681 461819
187990 461985
336206 462033
232944 462279
346275 462322
283812 462343
264626 462407
290205 463127
261693 463139
298468 463259
261470 463518
265776 463633
423237 463684
383713 464021
313789 464139
200815 464473
308492 464511
424116 464554
399589 464672
276124 464758
249656 464843
289398 464872
277143 465173
301671 465312
338236 465844
439093 465909
469186 465954
273975 466075
264646 466084
386623 466153
269016 466721
193136 466724
296123 466740
412443 466819
262744 466820
263787 466858
279089 466877
330571 466918
263602 466953
311732 467130
293267 467233
400678 467240
461014 467341
308802 467501
265904 467514
293411 468204
355601 468371
362840 468502
194306 468646
296785 468833
294404 468877
302642 468998
192285 469464
418249 469684
264860 469733
250471 469748
415225 470103
305856 470323
379593 470384
445186 470553
271999 470555
316002 470617
279204 470676
271962 470750
448301 470993
343248 471465
260766 471485
264902 472164
252520 472328
274079 472525
323976 472781
254554 472841
239179 472980
265849 473429
319952 473434
246970 473519
385421 473836
420535 473914
265832 474511
345915 474513
268957 474965
268738 475180
373115 475332
354751 475387
258694 475419
433380 475644
266896 476043
463155 476243
307809 476543
264625 476685
213496 476800
455459 476961
284269 477116
366163 477132
273155 477186
336512 477189
269954 477309
361816 477357
266638 477607
269931 477863
368097 478489
306633 478525
255620 478534
233062 478598
263647 478643
291362 478835
257621 479143
289487 479436
268042 479579
277088 479864
367911 479880
265660 479913
254651 480080
268853 480220
271795 480540
304636 480606
409960 480897
271883 480982
371043 481051
277087 481160
469854 481188
267698 481783
301757 481840
267704 481865
384226 482258
270943 482262
261849 482271
269935 483081
315880 484133
265680 484321
243031 484363
286301 484610
302637 484873
299533 484986
383246 484998
294506 485909
302545 485937
269676 485996
267964 486134
353948 486341
227874 486498
294737 486942
416572 486954
375636 487033
394573 487180
313975 487693
416137 487843
300488 487872
248375 488328
338574 488680
268950 488818
350386 489146
245045 489151
262685 489336
306416 489587
265818 489700
259577 489871
263601 490154
277140 490298
191320 490417
280139 490469
247086 491089
269945 491172
297417 491206
287117 491240
260731 491285
372863 491429
299531 491521
275083 491975
197780 492313
265837 492424
258687 492468
267849 492617
269938 492640
261723 492803
432324 492879
274861 493100
269850 493276
300534 493471
278217 493588
412834 493697
294394 493912
384136 493977
168139 494041
278266 494393
269987 494411
262748 494522
314050 494569
303590 494674
305594 494778
400064 494880
394746 495176
284239 495379
301770 495453
348666 495633
280090 495680
220890 495804
344496 495999
271904 496003
263742 496169
279149 496182
280809 496397
432968 496413
308044 496414
265659 496620
169673 496637
274921 496693
379240 496782
276102 496821
409111 496874
441034 497122
354542 497516
176877 497647
328074 497678
229491 497924
308757 498240
267920 498274
375573 498742
299515 498813
266718 498843
278138 498927
353976 499179
448267 499229
360877 499375
264629 499480
256601 499538
300500 499639
264813 499875
284047 499969
346893 499972
266574 500048
251192 500206
404005 500218
253302 500433
461065 500485
237145 500739
284277 500761
366848 500872
395460 500904
260712 501129
322060 501481
323113 501683
382496 502112
427153 502203
308796 502273
256676 502431
295343 502646
257684 502730
277157 502760
265824 502874
265620 502875
394940 502932
248390 503074
348703 503723
345621 504151
252456 504451
277154 504600
403629 504602
271020 504650
273088 504760
263585 504805
296349 505614
266904 505860
280204 506001
324027 506144
368788 506151
279113 506283
300455 506357
330129 506628
309665 506682
265783 506902
275135 506990
268459 507159
166042 507383
361864 507600
366004 507892
201431 507989
275922 508053
355495 508096
354753 508119
323323 508167
262578 508396
279154 508578
310935 508798
269944 508960
259677 509341
273904 509408
294390 509448
295627 509508
334387 509827
273046 509864
290275 510052
270084 510968
258543 511045
282367 511221
410104 511252
383304 511289
266717 511471
283082 511590
323174 511865
310035 511879
227730 511942
219983 512353
332406 512518
438429 512548
309745 512571
343518 512589
295319 512634
221912 512814
311793 512840
262474 513293
292348 513423
265679 513540
295423 513584
263753 513633
477389 513800
265847 513833
262851 513839
353395 514093
393641 514247
311980 514320
223414 514468
265756 514549
274118 514560
310923 515040
269921 515259
314060 515357
372596 515378
319213 515429
260678 515578
413435 515664
365279 515827
257624 515875
243295 516141
445233 516154
309670 516170
294326 516268
256597 516397
269918 516467
327934 516809
294407 516839
268951 516953
272870 517498
304814 517632
358226 517712
273797 517735
261764 517749
273760 517879
254346 518243
375255 518353
244067 518361
278957 518490
282036 518527
266621 518643
479041 518944
344380 519091
479044 519378
321021 519489
325089 519543
264847 519643
238368 519717
267893 519754
388531 519957
365174 520158
231133 520232
263734 520375
316101 520486
280156 520556
260713 520719
323125 521087
241319 521115
271854 521152
382233 521209
259703 521266
265937 521344
451841 521745
341479 521855
262575 522091
263585 522100
371381 522280
262806 523153
290249 523319
426285 523389
274789 523658
256343 523713
277155 524034
311808 524181
351065 524280
345406 524617
384393 524686
279980 524736
297417 524993
420637 524998
264863 525070
307710 525076
283041 525179
242012 525726
270867 525810
269959 525948
327413 526298
300505 526311
256612 526416
269873 526477
305284 526587
437530 526871
378281 526962
338466 527529
335156 527570
255375 527849
303497 528051
265658 528077
262639 528314
281274 528344
266846 528634
263604 528665
290230 528831
266039 529229
409163 529475
260768 530074
266697 530523
196298 530673
352932 530724
248447 530833
250519 530911
262776 531024
262790 531035
351349 531330
328175 531424
269031 531670
267741 531692
385669 532030
259469 532209
349299 532227
261541 532282
357770 532892
352608 533113
329096 533169
365931 533483
294036 533537
261574 533565
263827 533935
449778 533946
269867 534222
265806 534365
286315 534701
305623 534747
277150 534826
265782 534885
373491 534991
267715 535245
254366 535393
249477 535541
229712 535620
325065 535693
264627 535825
262686 536416
273174 536458
278709 536544
300457 536640
267961 536644
291456 536675
312942 536769
314790 536893
431887 536941
311758 537081
283266 537170
303620 537848
391405 537975
232027 538171
266692 538221
272960 538281
317871 538315
256379 538948
264862 539365
310848 539488
238228 539508
348483 539689
383766 539732
307708 540093
387475 540122
277160 540127
289484 540143
421025 540388
287330 540479
287077 540505
232224 540603
303527 540664
340660 540696
282030 540983
356932 541143
259414 541276
323088 541468
455456 541476
269940 541479
334432 541515
282001 541902
262787 541988
311069 542262
268118 542493
266962 542557
275103 542600
313767 542617
260727 542713
292508 543148
257681 543320
299453 543599
262788 543611
283249 543952
256608 543987
325026 544464
258370 544554
313892 544785
290384 544829
265652 544998
270995 545104
283252 545136
297483 545245
263647 545268
277078 545553
310694 545601
323126 545619
298503 545899
323278 546553
262820 546666
272716 547287
190145 547294
214553 547723
277157 547936
313794 548426
260484 548488
321115 548935
270891 549278
311585 549478
317244 549724
410339 549885
274053 549940
260550 550022
292273 550037
278949 550176
261458 550190
400150 550209
412848 550227
261696 550251
299521 550270
391556 550593
387670 550867
202359 550968
236864 551244
290429 551266
378637 551336
299648 551514
362835 551755
316915 551878
267955 552094
265652 552317
350830 552400
285193 552674
456504 553012
331277 553030
310447 553453
287071 553501
354001 553514
264794 553681
267698 554298
267923 554311
266717 554347
262474 554489
359895 554528
306676 554606
257406 554795
273973 554910
352601 555028
362682 555143
281278 555166
262479 555231
353946 555316
324967 555441
448682 555816
396486 556047
264646 556052
438010 556525
257697 556776
352881 557912
432443 557952
226494 558042
272975 558053
284286 558104
314790 558148
266780 558268
302633 558771
375075 558814
282381 558875
278095 559163
332224 559288
277118 559348
414560 559636
314770 559988
383100 560355
442163 560386
243413 560428
262747 560546
282031 560584
226022 560701
456383 560776
217851 561146
300542 561187
266674 561276
301917 561290
291239 561539
416614 561661
267853 561673
267890 561728
259681 562322
446672 562456
263731 562508
436530 562633
193367 562723
371503 563207
269765 563376
270912 563442
267707 563727
297500 563741
317870 563747
314821 563867
378263 564081
338444 564330
248195 564410
305599 564413
188188 564571
247386 564576
228116 564601
414155 564648
323898 565000
304851 565036
272968 565536
340676 565557
261804 565753
258427 565911
317766 566101
263612 566204
270892 566249
252474 566950
326063 567065
366433 567555
255501 567606
239186 567643
314921 568021
239245 568202
348880 568211
284175 568428
338162 568600
298535 568606
288186 568626
260773 568785
288422 569011
341382 569277
262731 569301
265680 569403
272113 569458
265881 569530
263611 569742
341455 570133
287465 570331
360606 570786
317916 570861
242050 571018
262565 571201
289250 571318
396746 571397
219850 571511
217645 571532
351775 571554
276091 571657
412204 571847
484584 571909
264596 571916
252290 571995
241252 572037
270016 572191
386813 572598
307745 572695
271130 572808
270907 572976
263788 573152
263600 573163
301606 573268
265825 573308
296530 573410
272963 573583
236168 573761
327074 573906
270831 573931
311964 574169
263591 574218
287411 574246
281981 574443
305680 574581
329148 574984
372494 575006
275915 575070
294406 575164
365715 575647
373602 575722
179954 575788
260325 575968
348865 576158
303763 576409
281164 576478
265769 576774
291222 576782
269765 576964
308651 577381
238259 577430
212753 577486
360698 577637
316851 577871
269974 577933
262778 577958
283348 578173
164568 578200
282029 578337
257693 578450
304602 578605
259197 578927
263612 579062
447779 579290
317855 579817
275090 579855
414105 580137
277122 580216
194299 580792
250246 580960
337297 581036
375513 581111
269917 581276
418564 581323
297557 581523
292585 581763
323101 581910
283040 581930
261802 581943
403039 582169
261598 582189
346829 582227
263585 582493
339738 582790
343542 583107
331242 583413
290573 583480
328228 583529
445114 583551
280189 583685
267888 584017
288261 584025
259677 584153
439553 584344
264625 584538
223071 584936
263602 584971
266845 585353
268744 585549
271783 585841
369328 585985
291222 585998
326362 586229
367094 586254
421730 586414
233834 586807
306998 587089
268705 587098
272981 587624
227701 587680
262580 588031
277088 588190
366418 588458
357037 588591
430771 588612
267705 588794
312871 588999
315751 589030
315814 589060
355034 589222
264837 589324
279266 589847
275625 590063
